,age,education-num,capital-gain,capital-loss,hours-per-week,workclass_ Federal-gov,workclass_ Local-gov,workclass_ Private,workclass_ Self-emp-inc,workclass_ Self-emp-not-inc,workclass_ State-gov,workclass_ Without-pay,education_level_ 10th,education_level_ 11th,education_level_ 12th,education_level_ 1st-4th,education_level_ 5th-6th,education_level_ 7th-8th,education_level_ 9th,education_level_ Assoc-acdm,education_level_ Assoc-voc,education_level_ Bachelors,education_level_ Doctorate,education_level_ HS-grad,education_level_ Masters,education_level_ Preschool,education_level_ Prof-school,education_level_ Some-college,marital-status_ Divorced,marital-status_ Married-AF-spouse,marital-status_ Married-civ-spouse,marital-status_ Married-spouse-absent,marital-status_ Never-married,marital-status_ Separated,marital-status_ Widowed,occupation_ Adm-clerical,occupation_ Armed-Forces,occupation_ Craft-repair,occupation_ Exec-managerial,occupation_ Farming-fishing,occupation_ Handlers-cleaners,occupation_ Machine-op-inspct,occupation_ Other-service,occupation_ Priv-house-serv,occupation_ Prof-specialty,occupation_ Protective-serv,occupation_ Sales,occupation_ Tech-support,occupation_ Transport-moving,relationship_ Husband,relationship_ Not-in-family,relationship_ Other-relative,relationship_ Own-child,relationship_ Unmarried,relationship_ Wife,race_ Amer-Indian-Eskimo,race_ Asian-Pac-Islander,race_ Black,race_ Other,race_ White,sex_ Female,sex_ Male,native-country_ Cambodia,native-country_ Canada,native-country_ China,native-country_ Columbia,native-country_ Cuba,native-country_ Dominican-Republic,native-country_ Ecuador,native-country_ El-Salvador,native-country_ England,native-country_ France,native-country_ Germany,native-country_ Greece,native-country_ Guatemala,native-country_ Haiti,native-country_ Holand-Netherlands,native-country_ Honduras,native-country_ Hong,native-country_ Hungary,native-country_ India,native-country_ Iran,native-country_ Ireland,native-country_ Italy,native-country_ Jamaica,native-country_ Japan,native-country_ Laos,native-country_ Mexico,native-country_ Nicaragua,native-country_ Outlying-US(Guam-USVI-etc),native-country_ Peru,native-country_ Philippines,native-country_ Poland,native-country_ Portugal,native-country_ Puerto-Rico,native-country_ Scotland,native-country_ South,native-country_ Taiwan,native-country_ Thailand,native-country_ Trinadad&Tobago,native-country_ United-States,native-country_ Vietnam,native-country_ Yugoslavia,income
age,1.0,0.037622951799601255,0.12206789303450774,0.05533098777259653,0.1019922447815543,0.0548230162286164,0.06369426052307368,-0.20976323364804092,0.10669835918224095,0.15617406473220302,0.01576048268948003,0.014248846343494319,-0.005168457745866015,-0.09246871168714907,-0.05122036194316005,0.034979766816122505,0.029748018933339965,0.10512032147929032,0.016511038599959012,-0.012562613041855443,-0.003241330736162578,0.0032358578834019813,0.0710970863367628,0.012517778412860586,0.09498736875555065,0.007701909137887851,0.06248359364269075,-0.09632589824528573,0.13613145036176497,-0.01563627064317582,0.30657659067807685,0.015975311067936555,-0.5268620729032745,0.014749906486302018,0.25581918370007467,-0.03783372227960776,-0.009003045259804596,0.012382952812872569,0.1081039128310251,0.038665284008355796,-0.09792296392289035,-0.01699490117068034,-0.09102634792826231,0.02702097911306009,0.05848229230346098,0.00365197120901747,-0.03099367281190536,-0.01840960565634101,0.03821305360525923,0.305058209519271,-0.022629604050080535,-0.06699221410600611,-0.41808952801845667,0.04548106838701534,0.023678684820969253,-0.016238099704150133,-0.0057002638701990375,-0.013410961102028548,-0.031602713880038054,0.026604206822883083,-0.0820533475221055,0.0820533475221055,-0.0011338764529206413,0.01956058852861849,0.011027510129579648,0.002086868163947774,0.030156928287985347,-0.0031876648464920516,-0.0025273623338038435,-0.020295990767079837,0.010084105191263026,0.005414243038262544,0.0023160765032774282,0.01816174332533498,-0.022430390143688056,0.0005654417086711633,-0.0023295820580548215,-0.004850080017376571,-0.0082953774189666,0.01611497987371779,-0.00016304355244397124,0.0008712790392981084,-0.001526020801658054,0.02444013377602195,-0.004823381838178509,-0.002822343370151764,-0.003067828914957136,-0.052713937503846404,-0.006591876763054438,0.001285617633445228,-0.00401448217075124,0.007551029929418577,0.011181836307929564,0.005607754493703868,0.004745435342779606,0.011859210010472956,0.000235956870458368,-0.007638742829805082,-0.0006536090494157669,0.0028442767125662453,0.012082377234784347,-0.01440260980852523,0.0032943674947165076,0.2370402351236347
education-num,0.037622951799601255,1.0,0.12934707498788262,0.07896743676148209,0.14620623766526222,0.054970294119669035,0.09652429391062937,-0.16486903743657758,0.08117389346944277,0.010568407765212388,0.10237990875249162,-0.009845501232253084,-0.2689681648304022,-0.23538545327637928,-0.09434002071518931,-0.22336652377803515,-0.2792385164972961,-0.32630944831528264,-0.2469917836643338,0.13684502973864593,0.07348100754906482,0.5061191368145661,0.25422475499416425,-0.30532387721197946,0.36889798124814555,-0.14263728632550832,0.2541519866690103,-0.024564784004570364,-0.003526437469431473,0.0039771140399170865,0.07562332942939876,-0.036081392798584376,-0.027313442558023645,-0.052668935159773625,-0.06469783029123276,-0.0023584214172602544,0.0036148547437793773,-0.15496025673802089,0.2017016328067817,-0.11413295824826342,-0.13675880072488406,-0.16819060478953501,-0.18154986769535533,-0.07426189988732285,0.4251019176709203,0.000618920847042181,0.031163467133091302,0.05864817775703356,-0.12725362268137144,0.06755829076708435,0.06049792398277575,-0.0882813987501053,-0.09538145384660104,-0.06022439680400406,0.03581560115171795,-0.026937381288871617,0.06253391499294754,-0.07387489513618023,-0.04771895750784003,0.05155529304502523,-0.0034172718466893947,0.0034172718466893947,-0.0068946941909353325,0.014698472202134735,0.023355741227169224,-0.013583186825572701,-0.013077610063336667,-0.05158061854353327,-0.010987005637217466,-0.07691208929249752,0.023316991768899197,0.021724913121928473,0.02367031529254834,-0.004687782982726627,-0.06366018509587841,-0.02555993985706711,-0.00021821067732347477,-0.014477172087432875,0.004068305759103694,0.009930528534198521,0.054264075228943255,0.029893189698210285,-0.001924029272179989,-0.025973146039416223,-0.00712323472727774,0.021784102003297116,-0.010247560917875395,-0.22761833162013825,-0.01454742458489521,0.0005475436434458429,-0.0028381743795396664,0.020592757836098863,0.0004926217918492772,-0.04713474975376863,-0.043630730646730814,0.001083847225521852,0.016337572550494676,0.046098873905451344,0.0073787399342249696,-0.010146915065788416,0.1322418020575144,-0.010287218147709748,-0.0064254139445228614,0.33279987917600934
capital-gain,0.12206789303450774,0.12934707498788262,1.0,-0.06689866206633037,0.08609758107491607,0.013721427003469002,0.003845504957475886,-0.049817253948065764,0.07512681809441865,0.02059674264851898,-0.005886553539593256,0.000260803572382394,-0.029779147488605166,-0.028849011336933208,-0.01870687129987491,-0.013824415260486106,-0.014428910747881054,-0.010485688908716068,-0.015315079639087544,-0.0062246443074431765,0.009049514553901943,0.05806795163011856,0.05426115796762534,-0.052199730683139135,0.06607987623999864,-0.004122295548412832,0.10488445423465965,-0.0352146218639855,-0.02603689360880808,-0.0011112039473933713,0.1270634608439131,-0.011136499076352481,-0.10463793990129479,-0.01876480192631973,-0.005606350298754425,-0.033565515073264204,-0.0007517604527325549,-0.01083056738372238,0.0748618500222213,-0.010427634607225405,-0.03343428404468165,-0.02378785141944718,-0.06409486635464388,-0.011788430445052747,0.07982372631197325,-0.005319217785057042,0.004504680400888142,0.001292526846932196,-0.015336409033647165,0.11581540015209477,-0.03641618138618201,-0.031624513751523115,-0.08393789536904363,-0.040831084877722905,0.03121391716891146,-0.006289410382812572,0.0003506863107234414,-0.028509937842504364,-0.008547280881917798,0.02771006235695888,-0.06894652228674464,0.06894652228674464,0.0022300983689043756,0.0008834713589870464,-0.0004822739854846468,-0.0076324574645179714,-0.004653646634127842,-0.008518903140110041,-0.002025736025033171,-0.005100464336604668,0.0065517215481458845,-0.0004204504257183338,0.01009123432422506,0.006930786427746811,-0.007904797354650862,-0.007487916385348204,-0.0014122965850048416,-0.002955857055762552,-0.004009149036663095,0.004709406825444235,0.007585534335446605,0.0018408248533773853,-0.00028928046945157353,0.00260131438266654,-0.006381569089277221,0.00485929181018517,-0.0031577716219949423,-0.023231527666570318,-0.005318162440496818,-0.006625796802170052,-0.0073422142763946785,-0.0020711014425722233,-0.0039897994609982565,-0.005010964888426742,-0.008527280441758024,-0.006317309612877189,-0.005112920191537629,0.003316264970276049,-0.0044574879330743,-0.0041920439512385475,0.018919302893758493,0.0029134183579376566,0.006782256956061772,0.28773957900027536
capital-loss,0.05533098777259653,0.07896743676148209,-0.06689866206633037,1.0,0.05158661868391019,0.010272432447999837,0.011064065732764798,-0.031217844003804094,0.03262060528922034,0.013372244570048594,-0.0031783218445338456,5.017034644281266e-05,-0.012254313773792679,-0.017318194422466196,-0.01612087924648653,-0.006632528959165619,-0.006332769818421407,-0.010870831679332258,-0.01480131046420188,0.00310086657638645,-0.009239329318073121,0.04023920030945407,0.03714259139456433,-0.032067252778348196,0.04458907550210416,-0.00372654425148845,0.04398837603275091,-0.017323267515318944,-0.01599891920313679,-0.0021217086814763132,0.07333353054801793,-0.0078088090225666065,-0.057084763135664796,-0.014737255835516317,-0.00528127596623451,-0.02294646646837897,0.002021403866487041,-0.007750164890069675,0.04802214438232721,-0.013930124800041117,-0.02155517592008578,-0.01674328861005905,-0.041067058930469275,-0.008686263267528867,0.04442297593862476,-0.0008139205106142006,0.009078753780366171,0.005973071881077216,-0.0032355838670533954,0.0688757065558252,-0.016476952266034524,-0.016300908917225715,-0.0489821653873263,-0.031448201539671525,0.014653089287146096,-0.01134114271229931,0.0020601913676041635,-0.021529519997310034,-0.005777417670322909,0.021743034231214504,-0.04329170125240744,0.04329170125240744,0.003401518674858873,0.007652509414054548,0.011864806698041491,-0.0021486235814511265,-0.0025713900651612017,-0.005775903544471005,-0.0068720666527432245,-0.009039367124219534,0.002909559441027817,-0.0027251947852443242,-0.0034489722150268082,0.0055572729723075975,-0.007377755178274967,-0.0008166612215962744,0.0216384103298704,0.00529740507401865,0.0112586193579454,0.0007093707244843082,0.0038336840954986246,0.003994056399597757,0.0010651509733807716,-0.0038371258535769867,-0.008450320765018017,-0.002853011001911232,-1.962308589947013e-06,-0.019833543013715416,-0.0009259050787925721,-0.004914321502480937,-0.003724342598977852,0.0005849768379102877,-0.004454991556027557,-0.00825354114044874,0.0013234115690386177,-0.004685518043383514,0.0027667420104405416,0.0013433615699540093,-0.0016449532566383466,0.0035020446629145893,0.012821242740437682,0.0001745669136241585,-0.005024825068664659,0.13925338078103278
hours-per-week,0.1019922447815543,0.14620623766526222,0.08609758107491607,0.05158661868391019,1.0,0.007386600618889383,-0.0016387550569030005,-0.0945586968501535,0.12366781181649013,0.08801225891956216,-0.03207526724741451,-0.012539882966615188,-0.04764012631203603,-0.10577958183933776,-0.05070714990067848,-0.010256196910325761,-0.01750047036049069,-0.012771428143393116,-0.019928371666941284,0.009043932150039609,0.01896512393963781,0.07072527658011243,0.05837729857126219,0.009447230773902679,0.06136401566051971,-0.013789714109854986,0.07735231987006495,-0.06444346096341019,0.014885595250050798,0.0036001527395037583,0.22407569523788876,-0.0076442473696849015,-0.2123976422571312,-0.014432669460476742,-0.08672484211430173,-0.10045690912724702,0.0011376807819556487,0.04332197004834118,0.13120677663257918,0.09031788358368127,-0.05581643403793317,-0.004251849395759775,-0.18007225200762805,-0.0480920278552494,0.04372349796427772,0.02317308694100213,-0.006491782991337902,-0.01763490294785808,0.0736834895498234,0.2564351771350697,0.004996956473940614,-0.052778393422593085,-0.2628448879272376,-0.042857629649887916,-0.06345155557507116,-0.0020007377011834874,-0.008182390925722292,-0.054219123739800645,-0.008875239400753692,0.05229043965210703,-0.23142463221117707,0.23142463221117707,0.0025054562235184456,0.0032605885817679186,-0.007598706724635383,-0.0020742319410232976,-0.0012160255914765079,0.0032248441050747954,-0.0016332930210947504,-0.02076753531328462,0.00849726325342281,0.006348998316624515,0.0013832249406618058,0.016347544812188308,-0.008186575560078754,-0.010791808039216233,-0.00036736052610835285,-0.007352978120698877,-0.0013521960074566542,-0.005159612312405791,0.00463020220726702,0.008298546397431637,0.003671787529439285,0.0015368273742652095,-0.006977649638112311,0.005464998350749817,-0.0011709454142747806,-0.005121478096831488,-0.011030034782830222,0.000865532102145681,-0.010584514455769115,-0.007880753120228746,-0.00818717357259885,0.004322287769326269,-0.01071250708772131,0.0014224436618113883,0.01542002411378357,0.00023297376309052673,0.010315396571291387,-0.004178513708251872,0.010227565204991242,-0.008039750184043525,-0.0013538205246136324,0.22719914201801614
workclass_ Federal-gov,0.0548230162286164,0.054970294119669035,0.013721427003469002,0.010272432447999837,0.007386600618889383,1.0,-0.04859623811751246,-0.29950014126146635,-0.03481509068021097,-0.05422541667081787,-0.03798605198821325,-0.003861107757305857,-0.01808397260492265,-0.02491732276925504,-0.011283213993934471,-0.010759028969153416,-0.016653697844435125,-0.02057621601796154,-0.01576748221901392,0.024238502311834866,-0.0005678835597602339,0.023766304936831812,0.0036070769895755867,-0.018365978992663835,0.014922397138509024,-0.007153419055724809,0.009358610464508494,0.01609284431264251,0.014433197689356268,0.009606774365232282,0.013378213029825399,-0.0025088365988477804,-0.025578644605930394,-0.004301162916628218,0.006381116554362243,0.12192154403212092,0.09823812714910417,-0.03569276596893941,0.029685859278530718,-0.026505477902389513,-0.01753960001630955,-0.03772093713559387,-0.03946676232101664,-0.012863593046263224,0.019595956988480566,0.013725726035737261,-0.0593451512426812,0.036418394099630796,-0.0208112503538254,0.016472560513313566,0.007613811815578384,-0.008194577336186792,-0.03891395153097619,0.013721144658439167,-0.0024336944666901003,0.025421797038729585,0.01331959618771115,0.053630982561397714,-0.0014117224491226944,-0.05825748915210923,-0.0032325527169120255,0.0032325527169120255,0.0010185280325682856,-0.0022701973078542415,-0.003861820464708252,-0.0016454879660646618,-0.002670656539600384,-0.008305266182041016,-0.005526398744221877,-0.005753241036038698,0.000746487646431888,-0.0005388262169327994,0.003907698664643224,-0.0058997671255590295,-0.004894875741420228,-0.00047422942178955755,-0.0008423764470369564,-0.003672564801111128,-0.004458768470445817,-0.0035745725484984205,-0.0012766831783384686,0.0009379374157259481,-0.005056215757547362,-0.005720645242897084,-0.005886193395699892,0.0006695140908086334,0.0020525620591571015,-0.021926651516601444,-0.0019264967823177585,-0.003952013499337183,-0.0016127056486464827,0.016481181391385772,0.0014511782272626612,-0.0031941119197589,0.009355445766719728,-0.00376801366159915,-0.003077306011610215,-0.006250964296026136,-0.004537741056792726,0.0010185280325694325,0.01636720666726454,-0.0017281102399556653,-0.004040878581747059,0.05917389624047391
workclass_ Local-gov,0.06369426052307368,0.09652429391062937,0.003845504957475886,0.011064065732764798,-0.0016387550569030005,-0.04859623811751246,1.0,-0.4535728913296282,-0.05272512151483733,-0.08212075934032836,-0.05752732989690299,-0.005847388925556495,-0.017715362735047167,-0.023542917480063145,-0.011347892854637338,-0.012794063067417127,-0.016575314948392268,-0.011402682072220937,-0.011062923778589983,0.011552674500281319,-0.004853609528109194,0.04033485951873248,-0.0026422446286950025,-0.04857737472768199,0.1316353403142432,-0.002053681494084952,-0.009254934576883507,-0.01938237055904649,0.023087464827669907,-0.007219052056456762,0.013274552262599165,-0.004654242091997974,-0.03943736732106343,-0.00036494254605569344,0.027713969346441738,0.009669860704701931,-0.004774003419159591,-0.05272631152524158,-0.02097301764290442,-0.028751217681563017,-0.03210755778658395,-0.06415313385247015,-0.009820629677596157,-0.019481049545774596,0.1629848444977527,0.23010354523498291,-0.09566797178867521,-0.01974148130134559,-0.001097072146278896,-0.0008118632813939593,-0.004631828301287468,-0.016191018422787997,-0.030987088088203423,0.03008599459460096,0.03277926499859538,0.031542427803585064,-0.016385492845214004,0.0412323781821909,-0.012129885850796728,-0.032516910756395255,0.04421700027542341,-0.04421700027542341,-0.006506733643357221,-0.0017140007144101645,-0.008319406764955755,-0.007448591876970118,-0.0018055156842506877,-0.005011531961114111,-0.005530056531132072,-0.007805326853500277,-0.0036854953563367453,0.00475411285974845,0.002375705879116042,-0.006274830795537709,-0.0038071109203384836,-0.0016366983591591586,-0.0012757226726544482,-0.001291596414543806,-0.0032345126187441273,-0.005413450555514883,-0.010880134039952733,-0.0045757092759461816,-0.007657299895342035,-0.0034560553160813178,-0.00011147227098758231,-0.008097732855647459,-0.0017854746092487873,-0.025586598185359785,-0.0007805429054808892,-0.0020164911878870827,-0.00578642157230168,-0.0037728471978910813,-0.005282874685064741,-0.0053217182336860415,0.0014146031110895264,-0.005706404156819324,-0.012835053516184414,-0.004444946932984912,-0.0034152602247759455,0.0007946933745066886,0.03429817972129841,-0.003454706962252403,-0.0022382603992445946,0.029730577814505433
workclass_ Private,-0.20976323364804092,-0.16486903743657758,-0.049817253948065764,-0.031217844003804094,-0.0945586968501535,-0.29950014126146635,-0.4535728913296282,1.0,-0.32494657927126575,-0.5061128181050316,-0.35454274030126354,-0.03603764153472724,0.033803085800453214,0.05716222367851434,0.029978438876036174,0.024772620345145855,0.031036699595673366,0.0010673991820594362,0.0248663434987846,-0.012288830725945384,0.0074352306851279,-0.05572987961784617,-0.06891561058573518,0.0685950637221072,-0.11361717788731894,0.011294116908228876,-0.08923465101927762,0.016044925304951267,0.0032073926528846768,0.0008141655960576624,-0.13117394948298988,0.008886892673397498,0.1351978253332337,0.018988493661750868,-0.019254081667737444,0.01081945213135767,-0.029422332958446477,0.03666693767608929,-0.0701239288373653,-0.12048589498983193,0.09469588475087971,0.13142042687187666,0.06673611306712429,0.04295020694173096,-0.16490500723346646,-0.14675878514381477,0.06047166562297768,0.024793744519296355,0.032613320342318376,-0.1256060950941962,0.03888061378712613,0.047044101707369765,0.10388035925632277,0.014280834761708404,-0.02057324962677638,-0.021799572378512006,-0.0014068415398537496,0.005687494884691696,0.021679348415285668,-0.003462815448935611,0.06482253747334615,-0.06482253747334615,0.005969091001209731,-0.0059078581065015335,0.0017826867313409742,0.008973409191571316,-0.0027415025998278994,0.017965182737687917,0.008680068490118943,0.023573706086955266,0.002306441526856914,-0.002696095491676671,-0.003964718957816045,-0.01081727828345133,0.016890077760654786,0.006661854039445041,0.0028126078454854308,-0.0024345881186824975,0.006815470630132726,-0.005680913954367002,-0.005528263907377367,-0.007486866241994366,0.009762808077160023,-0.0017656501716110733,0.011728778600693957,0.00390709339032772,0.008231888943191901,0.05415575710704866,0.007163698845893471,0.006366072416146365,0.012508337305964807,0.01245355968692249,0.007528588380785307,0.00588186016658279,0.010598410077625676,0.0054185445702584515,-0.01742730180908502,-0.005053483004000691,-0.0026950348634481786,-0.0003132219168979635,-0.04766264700365715,0.008055502368863791,0.00013356930944968085,-0.11672111780034912
workclass_ Self-emp-inc,0.10669835918224095,0.08117389346944277,0.07512681809441865,0.03262060528922034,0.12366781181649013,-0.03481509068021097,-0.05272512151483733,-0.32494657927126575,1.0,-0.05883257210670362,-0.04121346187554259,-0.004189159152479589,-0.012749320727567575,-0.023468950241500447,-0.009470321338251684,-0.01196152145150365,-0.011126455841714978,-0.012327562146685355,-0.012265434441709201,0.002070900394260703,-0.008296523851518064,0.040314561981152325,0.03595793357669914,-0.031231887186221097,0.009530720025013638,-0.007761195178273157,0.08898565460804313,-0.009510603150944175,-0.02939916562069843,-0.0051718396671566625,0.10856502988580294,-0.014077757217553983,-0.08190973853751962,-0.017900556699378654,-0.005332031146164307,-0.0567731178794699,-0.003420169304949787,-0.021243328849163842,0.1331817686911106,0.01866855371623049,-0.03889933714229779,-0.04485505181772674,-0.05094753571194176,-0.013956522824714749,0.008112328267254946,-0.024802761266310657,0.07647540832576571,-0.028900144964156483,-0.025335417136130096,0.11430099231996704,-0.04824106314184564,-0.025751015727921017,-0.04947524503728574,-0.037713968056957786,-0.007932777575629385,-0.016734545628700963,0.006051346954068299,-0.047004091310398344,-0.0105303090510553,0.04393252828971547,-0.08467550192587192,0.08467550192587192,-0.0046615238257363256,0.013924105031368867,0.00209780394862162,-0.008283566882237636,0.01561006431722737,-0.00390648332981435,-0.0059959382992586805,-0.009024591142955979,-0.005373403011810494,0.0028873253881085362,0.0017662634862150772,0.029488987665460244,-0.00848357542775686,-0.0015472809750350855,-0.0009139472982222609,0.007538805571987917,-9.089916402027822e-05,0.0020412408342167557,0.009644670552690289,-0.0001285906709989742,-0.001299240877794317,0.0059328296746306635,-0.006809105859420193,0.002026291795530007,-0.004189159152477813,-0.02014562864802253,-0.006335305748484819,-0.004287788521349217,-0.006133929740853196,-0.012428555953645844,-0.005440376204014117,0.005563052684065983,-0.01021193884245113,-0.004088155500783435,0.02082004871296345,0.020320424597951758,0.01373349380778694,0.005190024470706477,0.005467959499834607,-0.005575368530725389,0.0008527993330671177,0.13784495045409736
workclass_ Self-emp-not-inc,0.15617406473220302,0.010568407765212388,0.02059674264851898,0.013372244570048594,0.08801225891956216,-0.05422541667081787,-0.08212075934032836,-0.5061128181050316,-0.05883257210670362,1.0,-0.06419104758833682,-0.006524725229928627,-0.0008162528962528357,-0.014121481855481744,-0.013808382577638039,-0.00414736170919753,-0.0037719397650689173,0.04051697131767909,0.0014822838628995175,-0.00733087539260189,0.002569171419597418,-0.01034625202869311,0.01780124784794374,0.004265963376820553,-0.004186343876219754,-0.002087688374049749,0.07821901188167887,-0.02197293369302685,-0.024319110377597736,0.000941258776687952,0.1196791424838377,0.0012086767783559605,-0.10717486580319217,-0.01579703548753819,0.008572061195114798,-0.09632360625754927,-0.005327003377618499,0.06588668779409801,0.016872760930383132,0.23609580432796703,-0.057838463057789974,-0.06158530527407705,-0.03352548450328513,-0.02173765027345593,0.013551531814039309,-0.04111740715692645,0.0295023623391311,-0.035298691468954084,-0.005935915597943361,0.12053220570459362,-0.04138420812224451,-0.02542384606286289,-0.07130330906435656,-0.040409015304259735,0.003599276696978965,-0.002054405083119662,-0.009236537172918445,-0.06215348643806583,-0.014163987798423957,0.060818901781991126,-0.1049711948312971,0.1049711948312971,-0.0006070478747909494,0.007075819150202451,-0.007164384669597816,0.002093333725892264,0.005648636460198352,-0.008863694861501176,-0.0015769161147710837,-0.011683098391908467,0.004686839959731306,-6.18988232690183e-05,-0.0014687890468907095,0.011845226610643756,-0.00772227468601371,-0.005704156766646425,-0.0014234968829005298,-0.0023148589643262186,-0.007534687183616032,0.01794652248400217,-0.0018764259755367078,0.018818747072241165,-6.189882327086378e-05,0.009516952377150665,-0.007771916124319772,0.0009522199748486001,-0.006524725229927933,-0.016416878896987373,-0.002520464280473097,-0.0030620001401051333,-0.004495332665078017,-0.01593218975380476,-0.0033932453823943575,-0.002595596144558164,-0.012445458438793579,0.0012181276875200134,0.03297786350376613,-0.008275232823417933,0.0017819696687342104,-0.003933746734930347,0.012424682188639992,6.122153214275947e-05,0.007319056628085345,0.021828153646261887
workclass_ State-gov,0.01576048268948003,0.10237990875249162,-0.005886553539593256,-0.0031783218445338456,-0.03207526724741451,-0.03798605198821325,-0.05752732989690299,-0.35454274030126354,-0.04121346187554259,-0.06419104758833682,1.0,-0.004570708110880718,-0.022590475053635168,-0.03206378204378549,-0.013427296610959873,-0.011776045056236223,-0.016839260222044964,-0.015827633955273684,-0.017142611734957704,-0.0011228620717524107,-0.004978076735217672,0.0283848940955362,0.09254968643146069,-0.051372900074692675,0.06744447034355633,-0.005734959391532543,0.008526843792187442,0.014764204525846772,0.01322809261718758,0.002552857339047908,-0.0076551608434737356,-0.0007480033631564086,-0.00027580034339707063,0.0014300310243493019,-0.005230993587184681,0.044070989195672323,-0.003731678605113754,-0.053266065577486255,0.007556002592185465,-0.024306884431642608,-0.03619973236008895,-0.04786342274906104,-0.005973888213727873,-0.015227684065638254,0.11315730058944173,0.09973475796544531,-0.07177271963612827,0.014929963673530179,-0.020101117591224984,-0.010455403288100002,0.017277002228718714,-0.016045910296029753,-0.01205811285516846,0.00990315178277583,0.007274847163870778,0.004779481566616194,0.018844792708005327,0.01911210261206436,-0.0014739028473950164,-0.02611167058439803,0.028534416468028668,-0.028534416468028668,-0.000540214222751547,-0.0054808531618597365,0.017761018274772184,-0.003915356527745432,-0.011516973847495567,-0.009831620842341352,0.0005289741929823173,-0.012109847151443585,-0.002384058180347262,-0.002121770971314334,0.0028330030990960367,-0.0069840354499423945,-0.0092562601719059,-0.002705880706347441,-0.0009971896929297306,0.00628716387288153,0.0034830282058110943,-0.0042315130183659235,0.020434620949935693,-0.004368301799286595,-0.005985454907246797,-0.005343122710176928,-0.0032741154414194164,-0.0020404142199261224,-0.004570708110879583,-0.025595140089101492,-0.0035658330819028222,0.00026335496515774326,-0.006692608563583401,-0.004391544771286141,-0.0012514377874717735,-0.0049122031844352435,-0.006196616655718835,0.0007222534108808556,-0.007724365111603692,0.014485945101508689,-0.0010672189552753183,-0.0005402142227495908,0.02441560537246067,-0.006547187679264675,-0.00478351749539301,0.009513776373553457
workclass_ Without-pay,0.014248846343494319,-0.009845501232253084,0.000260803572382394,5.017034644281266e-05,-0.012539882966615188,-0.003861107757305857,-0.005847388925556495,-0.03603764153472724,-0.004189159152479589,-0.006524725229928627,-0.004570708110880718,1.0,-0.003593581107438092,-0.004153372325433639,-0.0024504007617071845,-0.0015139302132539103,-0.0021584932695760863,0.012422512780448577,-0.0026552451086500456,0.007435319433274532,-0.004586638668038704,-0.009664725878692979,-0.002378418168961045,0.015612473408947383,-0.00522954188230378,-0.0008607420036330647,-0.0028648249380085916,-0.003963759226503388,-0.008669382442370359,-0.0005735739838162636,0.006631003883235934,0.006951294420629013,-0.0017100232852829034,-0.003868187789194659,0.0025217496538453665,0.001337847611405261,-0.0003793079947986442,-0.005425119458018599,-0.005388277660757666,0.04218568419430967,0.0051848324916187885,0.0025722831123668297,-0.0007749059980301708,-0.0015478241616107146,-0.00843684393558794,-0.0032012790109741014,-0.004780718650739201,-0.003880903353860411,-0.00035152122754676776,-0.0013927080814502418,-0.012735431603517302,-0.003779574712459304,0.014289043317606323,-0.00074534826427234,0.009916862474636155,-0.0021242433530010148,0.0024231206518880426,-0.003396537239745748,-0.001911832250176018,0.002766169018846581,0.00038569852434539037,-0.00038569852434539037,-0.0005169782830582855,-0.0012963988989332304,-0.0010788057382826277,-0.0009186747390928133,-0.0011706475070651053,-0.000999339113025569,-0.0006649692253344295,-0.0012309103560101608,-0.0011071498147755155,-0.0006083940068447375,-0.0014111335883391044,-0.0007098951336509207,-0.0009408563428610068,-0.000842591097079224,-0.00010135975331340669,-0.0004419048794375131,-0.0005365055894389103,-0.0004301138677265002,-0.0012309103560099633,-0.0007589686272879584,-0.000608394006844716,-0.001014708866574187,-0.0010298512618258386,-0.0009571577676427186,-0.0004645914913378013,-0.003076695559700752,-0.0007026061886511637,-0.00047552981187150056,-0.0006802729288486047,0.011305032987241023,-0.0009130457672065968,-0.0007986463367967497,-0.0013434506365853662,-0.0004533898550525324,-0.001019781090399627,-0.0007521532697713795,-0.0005460080415772286,-0.0005169782830582853,0.003006000612254647,-0.0009242696772686632,-0.00048622258807960245,-0.007618399251613493
education_level_ 10th,-0.005168457745866015,-0.2689681648304022,-0.029779147488605166,-0.012254313773792679,-0.04764012631203603,-0.01808397260492265,-0.017715362735047167,0.033803085800453214,-0.012749320727567575,-0.0008162528962528357,-0.022590475053635168,-0.003593581107438092,1.0,-0.03212603028487198,-0.018953670153431627,-0.011710139151824202,-0.016695787113407374,-0.022698917625588334,-0.020538126151569996,-0.0309551712025153,-0.0354773136645379,-0.07475594575822991,-0.01839689007848223,-0.11618710312125935,-0.0404501228695579,-0.006657776262164514,-0.022159210758862853,-0.08825893791626231,-0.007205189224129143,0.0006899238473129951,-0.02279769831899597,0.0062961524646493235,0.012597549187859615,0.021045012217872045,0.021778413647409834,-0.037763519328807865,-0.0029339195172955585,0.02776672639024309,-0.04821075702079987,0.022965965842242673,0.034544721053304736,0.03779484069818315,0.06588217211630334,0.0032929159078829238,-0.0600371374617421,-0.013504352530220321,-0.011450891630703163,-0.026110147851367366,0.039805070912529945,-0.01766838870146682,-0.015399339863274065,0.013235667956010447,0.030764038916269127,0.016176914364801395,-0.012690673268169176,0.010105907137914365,-0.018122914769187076,0.02278389231767926,0.0007022307876530404,-0.013410317439160968,-0.0018677144386235532,0.0018677144386235532,-0.003998789098791629,-0.005478083037279991,-0.002883456449190023,0.0025068912441177428,-0.0015026415757899768,0.004056571015081314,0.0037024234180593105,0.004848438886505303,-0.003241795348244365,-0.00470588301688244,-0.0067326652780174984,0.006939807570918773,0.01149649379889041,0.003960381883598482,-0.0007840102570806086,0.0032339359081944474,-0.004149831381299317,-0.0033268992177570554,-0.004731187914978439,-0.005870566661261607,-0.00470588301688327,0.000857773558476471,-0.0022464725173222838,-0.004327639333688557,-0.0035935811074372702,0.016155973943264835,-0.001248115563819434,-0.00367818821442872,0.003385431878817473,-0.011501748655333252,-0.007062342036883042,0.015927684604994666,-0.003804541207330875,-0.0035069372724136683,-0.007887931932666825,-0.005817850370788659,-0.004223332151578251,-0.0039987890987910535,0.0006215309239732688,0.0024056368913169123,0.002285363726129221,-0.06981308666727053
education_level_ 11th,-0.09246871168714907,-0.23538545327637928,-0.028849011336933208,-0.017318194422466196,-0.10577958183933776,-0.02491732276925504,-0.023542917480063145,0.05716222367851434,-0.023468950241500447,-0.014121481855481744,-0.03206378204378549,-0.004153372325433639,-0.03212603028487198,1.0,-0.021906184034003646,-0.013534289731064613,-0.019296578559079205,-0.026234848599386535,-0.023737459159531297,-0.03577722265282763,-0.04100380326750202,-0.08640107652814383,-0.021262671369204313,-0.13428618535359318,-0.04675125337763484,-0.0076948934362261485,-0.025611068727168784,-0.1020075015016765,-0.018371837990424005,-0.005127658072490243,-0.05912469200602706,0.0013416128785347099,0.07060855763605961,0.014022963787242233,0.0023580119601156213,-0.03569765766771304,-0.003390951745310744,0.01768518242733947,-0.057687584742106904,0.009374733437820559,0.05884092266268936,0.02242380429283221,0.07485592862759345,0.016150094163611725,-0.06350167079833566,-0.013876155117744208,0.012613348933636394,-0.028552507076580736,0.027582215696703646,-0.05228128912386862,-0.03286809967476952,0.021481362445063143,0.11065694933516634,0.007188828844487414,-0.023157789777412112,0.01027530111298945,-0.016825998726680627,0.023970683540655662,0.0086042755228918,-0.017086050862120852,0.007598732127240862,-0.007598732127240862,-0.004621701718038908,-0.0036455158885892146,-0.009644347736519562,-0.0026176692319559336,-0.006069607266204463,0.0013565045110933596,-0.005944716658089457,0.0015415031771465286,-0.007574510488075624,-0.005438943411787753,-0.005312270314468741,-0.0027286628014988345,0.010711871464393282,-0.0014340251584971627,-0.0009061396994424868,0.00766493727865471,-1.163835684223781e-05,-0.0038451479811944687,0.005723383658079289,-0.00678505601418505,0.003001105279721744,-0.006537522487891147,0.003276896468467545,-0.008556834675879317,-0.004153372325432846,0.003974574546496766,0.004684216010763729,-0.004251159130912156,0.0014682316718560833,-0.0017080684317764153,0.0002817739157952313,-0.000706593656919269,0.022495299729327484,0.0016075231371129046,-0.004074151450582805,-0.006724127827122986,-0.00488122303492289,-0.0046217017180389735,0.0036752422907117923,7.926040635144506e-05,-0.0043467508100741795,-0.08607771778623899
education_level_ 12th,-0.05122036194316005,-0.09434002071518931,-0.01870687129987491,-0.01612087924648653,-0.05070714990067848,-0.011283213993934471,-0.011347892854637338,0.029978438876036174,-0.009470321338251684,-0.013808382577638039,-0.013427296610959873,-0.0024504007617071845,-0.018953670153431627,-0.021906184034003646,1.0,-0.00798494121587274,-0.011384568272397541,-0.015477999070213336,-0.014004592761717298,-0.021107795490293766,-0.024191366168716387,-0.05097478558336128,-0.012544520942674572,-0.0792259747247633,-0.027582238699347998,-0.0045398224045390505,-0.015109982298710476,-0.06018224223465978,-0.012147692257193258,-0.0030252084961582553,-0.03501453532194427,0.0017169400572775034,0.04750902908590875,-0.0034034919136104696,-0.0003492009785124861,-0.013032000321151758,0.009199043773489495,0.007069630456664627,-0.03392956744716716,0.011202519737078746,0.02644358461664344,0.017581790502053374,0.040047179345598045,0.013899234525646568,-0.037532749859843104,-0.0033259874520170716,-0.0018229470632569347,-0.01595007718140557,0.020959505487547297,-0.03408221979975573,-0.01768422272985755,0.018284818833659518,0.06878510751968983,-0.0026199839249426314,-0.010019834916134807,-0.0011108174921133597,-0.007803420397962474,0.018309468937601107,0.02125957013135389,-0.016692629886171907,-0.0035747297345533192,0.0035747297345533192,0.005492669474396209,-0.003549923001126462,-0.001743526710802653,0.009048036860279768,0.0120178016274097,0.02879908087805989,0.009277808427577937,0.0004305480944953964,-0.0019935430524724725,-0.003208860182728661,-0.0013979777861328657,-0.003744208855869482,0.008604695600471515,0.005651637970619573,-0.0005346030251442548,-0.0023307444784582054,-0.0028296981962249376,-0.0022685549966956226,-0.006492206013649101,-0.004003037802224044,-0.0032088601827294848,0.019815170587694213,0.002834465098608768,-0.005048349284557325,-0.002450400761707334,0.01616653478197078,0.0023450040368720457,-0.002508092883639806,-0.0035879720875196352,-0.006523139180317551,-0.004815688804353947,0.0011124813857138558,-0.0007389981163903151,-0.002391319830182922,0.002968835905900269,-0.0039670914761232015,0.004903072332759437,0.005492669474396044,-0.015286841323599169,-0.00027168098340330627,-0.0025644899280385263,-0.04563609332405852
education_level_ 1st-4th,0.034979766816122505,-0.22336652377803515,-0.013824415260486106,-0.006632528959165619,-0.010256196910325761,-0.010759028969153416,-0.012794063067417127,0.024772620345145855,-0.01196152145150365,-0.00414736170919753,-0.011776045056236223,-0.0015139302132539103,-0.011710139151824202,-0.013534289731064613,-0.00798494121587274,1.0,-0.007033723683794274,-0.0095627665479475,-0.00865245246312527,-0.013041021626855134,-0.014946142979960931,-0.0314937332760845,-0.007750376821082885,-0.048948155209777376,-0.01704112452486761,-0.002804836828505733,-0.009335394879578159,-0.03718237287715471,-0.014542185070432624,-0.0018690634672073778,0.006747793963999281,0.03541174626210195,-0.016012678433566484,0.003772777872496655,0.028135253982319922,-0.02141903047619808,-0.0012360231389514106,-0.0014462736094667445,-0.022760553059371774,0.04576176272716891,0.02276706395811076,0.027357926294232452,0.030173210001552247,0.05695641576644284,-0.023763961517759634,-0.008254539099464287,-0.019060929782120314,-0.012646415080057035,-0.0005303534691919253,0.005376525844019225,-0.0003225310444563862,0.030458796676697507,-0.02015528138241871,0.002565751041094506,-0.006425547763801039,0.00280239253249305,0.003032611179586174,-0.001908091430484562,0.03691080533120654,-0.010019038205178776,-0.010902567145588418,0.010902567145588418,0.011514036171425105,-0.00422447999611349,0.002821757167855844,0.011879749679261352,0.025398279684396112,0.06513036859333214,0.008098244344272896,0.06824657365688556,0.0025679780240922597,-0.0019825289220662973,-0.004598357512255091,-0.0023132831984903303,0.06229210299991953,0.0053601715499318895,-0.0003302935929956051,0.013998549937235745,-0.001748271409558027,-0.0014015805102551193,-0.004011077285122299,-0.002473195392477802,-0.001982528922066915,0.023635629408506595,-0.003355900763366269,-0.003119019806221816,-0.0015139302132534639,0.21614064208052097,0.007426795901047089,-0.001549574116008754,-0.00221675549260736,0.006462227947757174,0.004507090326466948,0.057251381715788446,0.021101353537648034,-0.0014774282627712668,-0.0033230858344173164,-0.002450986686871766,0.010718531023048958,-0.0016846392086584396,-0.1692667768511771,0.0191636421570768,-0.0015844178814806928,-0.03445635273040926
